5.640444755554199	5.544444561004639	0.0
5.624444484710693	5.544444561004639	0.0
5.608444690704346	5.544444561004639	0.0
5.59244441986084	5.544444561004639	0.0
5.576444625854492	5.544444561004639	0.0
5.560444355010986	5.544444561004639	0.0
5.576444625854492	5.544444561004639	0.0
5.59244441986084	5.544444561004639	0.0
5.608444690704346	5.544444561004639	0.0
5.624444484710693	5.544444561004639	0.0
5.640444755554199	5.544444561004639	0.0
5.656444549560547	5.544444561004639	0.0
5.6724443435668945	5.544444561004639	0.0
5.6884446144104	5.544444561004639	0.0
5.704444408416748	5.544444561004639	0.0
5.720444679260254	5.544444561004639	0.0
5.736444473266602	5.544444561004639	0.0
5.752444744110107	5.544444561004639	0.0
5.768444538116455	5.544444561004639	0.0
5.784444332122803	5.544444561004639	0.0
5.800444602966309	5.544444561004639	0.0
5.816444396972656	5.544444561004639	0.0
5.832444667816162	5.544444561004639	0.0
5.84844446182251	5.544444561004639	0.0
5.864444732666016	5.544444561004639	0.0
5.880444526672363	5.544444561004639	0.0
5.896444797515869	5.544444561004639	0.0
5.912444591522217	5.544444561004639	0.0
5.9284443855285645	5.544444561004639	0.0
5.94444465637207	5.544444561004639	0.0
5.960444450378418	5.544444561004639	0.0
5.976444721221924	5.544444561004639	0.0
5.9924445152282715	5.544444561004639	0.0
6.008444786071777	5.544444561004639	0.0
6.024444580078125	5.544444561004639	0.0
6.040444374084473	5.544444561004639	0.0
6.0564446449279785	5.544444561004639	0.0
6.040444374084473	5.544444561004639	0.0
6.024444580078125	5.544444561004639	0.0
6.008444786071777	5.544444561004639	0.0
5.9924445152282715	5.544444561004639	0.0
5.976444721221924	5.544444561004639	0.0
5.960444450378418	5.544444561004639	0.0
5.94444465637207	5.544444561004639	0.0
5.9284443855285645	5.544444561004639	0.0
5.912444591522217	5.544444561004639	0.0
5.896444797515869	5.544444561004639	0.0
5.880444526672363	5.544444561004639	0.0
5.864444732666016	5.544444561004639	0.0
5.84844446182251	5.544444561004639	0.0
5.832444667816162	5.544444561004639	0.0
5.816444396972656	5.544444561004639	0.0
5.800444602966309	5.544444561004639	0.0
5.784444332122803	5.544444561004639	0.0
5.768444538116455	5.544444561004639	0.0
5.752444744110107	5.544444561004639	0.0
5.736444473266602	5.544444561004639	0.0
5.720444679260254	5.544444561004639	0.0
5.704444408416748	5.544444561004639	0.0
5.6884446144104	5.544444561004639	0.0
5.6724443435668945	5.544444561004639	0.0
5.656444549560547	5.544444561004639	0.0
5.640444755554199	5.544444561004639	0.0
5.624444484710693	5.544444561004639	0.0
5.608444690704346	5.544444561004639	0.0
5.59244441986084	5.544444561004639	0.0
5.576444625854492	5.544444561004639	0.0
5.560444355010986	5.544444561004639	0.0
5.544444561004639	5.544444561004639	0.0
5.560444355010986	5.544444561004639	0.0
5.576444625854492	5.544444561004639	0.0
5.59244441986084	5.544444561004639	0.0
5.608444690704346	5.544444561004639	0.0
5.624444484710693	5.544444561004639	0.0
5.640444755554199	5.544444561004639	0.0
5.656444549560547	5.544444561004639	0.0
5.6724443435668945	5.544444561004639	0.0
5.6884446144104	5.544444561004639	0.0
5.704444408416748	5.544444561004639	0.0
5.720444679260254	5.544444561004639	0.0
5.736444473266602	5.544444561004639	0.0
5.752444744110107	5.544444561004639	0.0
5.768444538116455	5.544444561004639	0.0
5.784444332122803	5.544444561004639	0.0
5.800444602966309	5.544444561004639	0.0
5.816444396972656	5.544444561004639	0.0
5.832444667816162	5.544444561004639	0.0
5.84844446182251	5.544444561004639	0.0
5.864444732666016	5.544444561004639	0.0
5.880444526672363	5.544444561004639	0.0
5.896444797515869	5.544444561004639	0.0
5.912444591522217	5.544444561004639	0.0
5.9284443855285645	5.544444561004639	0.0
5.94444465637207	5.544444561004639	0.0
5.960444450378418	5.544444561004639	0.0
5.976444721221924	5.544444561004639	0.0
5.9924445152282715	5.544444561004639	0.0
6.008444786071777	5.544444561004639	0.0
6.024444580078125	5.544444561004639	0.0
6.040444374084473	5.544444561004639	0.0
6.024444580078125	5.544444561004639	0.0
6.008444786071777	5.544444561004639	0.0
5.9924445152282715	5.544444561004639	0.0
5.976444721221924	5.544444561004639	0.0
5.960444450378418	5.544444561004639	0.0
5.94444465637207	5.544444561004639	0.0
5.9284443855285645	5.544444561004639	0.0
5.912444591522217	5.544444561004639	0.0
5.896444797515869	5.544444561004639	0.0
5.880444526672363	5.544444561004639	0.0
5.864444732666016	5.544444561004639	0.0
5.84844446182251	5.544444561004639	0.0
5.832444667816162	5.544444561004639	0.0
5.816444396972656	5.544444561004639	0.0
5.800444602966309	5.544444561004639	0.0
5.784444332122803	5.544444561004639	0.0
5.768444538116455	5.544444561004639	0.0
5.752444744110107	5.544444561004639	0.0
5.736444473266602	5.544444561004639	0.0
5.720444679260254	5.544444561004639	0.0
5.704444408416748	5.544444561004639	0.0
5.6884446144104	5.544444561004639	0.0
5.6724443435668945	5.544444561004639	0.0
5.656444549560547	5.544444561004639	0.0
5.640444755554199	5.544444561004639	0.0
5.624444484710693	5.544444561004639	0.0
5.608444690704346	5.544444561004639	0.0
5.59244441986084	5.544444561004639	0.0
5.576444625854492	5.544444561004639	0.0
5.560444355010986	5.544444561004639	0.0
5.544444561004639	5.544444561004639	0.0
5.560444355010986	5.544444561004639	0.0
5.576444625854492	5.544444561004639	0.0
5.59244441986084	5.544444561004639	0.0
5.608444690704346	5.544444561004639	0.0
5.624444484710693	5.544444561004639	0.0
5.640444755554199	5.544444561004639	0.0
5.656444549560547	5.544444561004639	0.0
5.6724443435668945	5.544444561004639	0.0
5.6884446144104	5.544444561004639	0.0
5.704444408416748	5.544444561004639	0.0
5.720444679260254	5.544444561004639	0.0
5.736444473266602	5.544444561004639	0.0
5.752444744110107	5.544444561004639	0.0
5.768444538116455	5.544444561004639	0.0
5.784444332122803	5.544444561004639	0.0
5.800444602966309	5.544444561004639	0.0
5.816444396972656	5.544444561004639	0.0
5.832444667816162	5.544444561004639	0.0
5.84844446182251	5.544444561004639	0.0
5.864444732666016	5.544444561004639	0.0
5.880444526672363	5.544444561004639	0.0
5.896444797515869	5.544444561004639	0.0
5.912444591522217	5.544444561004639	0.0
5.9284443855285645	5.544444561004639	0.0
5.94444465637207	5.544444561004639	0.0
5.960444450378418	5.544444561004639	0.0
5.976444721221924	5.544444561004639	0.0
5.9924445152282715	5.544444561004639	0.0
6.008444786071777	5.544444561004639	0.0
6.024444580078125	5.544444561004639	0.0
6.040444374084473	5.544444561004639	0.0
6.024444580078125	5.544444561004639	0.0
6.008444786071777	5.544444561004639	0.0
5.9924445152282715	5.544444561004639	0.0
5.976444721221924	5.544444561004639	0.0
5.960444450378418	5.544444561004639	0.0
5.94444465637207	5.544444561004639	0.0
5.9284443855285645	5.544444561004639	0.0
5.912444591522217	5.544444561004639	0.0
5.896444797515869	5.544444561004639	0.0
5.880444526672363	5.544444561004639	0.0
5.864444732666016	5.544444561004639	0.0
5.84844446182251	5.544444561004639	0.0
5.832444667816162	5.544444561004639	0.0
5.816444396972656	5.544444561004639	0.0
5.800444602966309	5.544444561004639	0.0
5.784444332122803	5.544444561004639	0.0
5.768444538116455	5.544444561004639	0.0
5.752444744110107	5.544444561004639	0.0
5.736444473266602	5.544444561004639	0.0
5.720444679260254	5.544444561004639	0.0
5.704444408416748	5.544444561004639	0.0
5.6884446144104	5.544444561004639	0.0
5.6724443435668945	5.544444561004639	0.0
5.656444549560547	5.544444561004639	0.0
5.640444755554199	5.544444561004639	0.0
5.624444484710693	5.544444561004639	0.0
5.608444690704346	5.544444561004639	0.0
5.59244441986084	5.544444561004639	0.0
5.576444625854492	5.544444561004639	0.0
5.560444355010986	5.544444561004639	0.0
5.544444561004639	5.544444561004639	0.0
5.528444766998291	5.544444561004639	0.0
5.544444561004639	5.544444561004639	0.0
5.560444355010986	5.544444561004639	0.0
5.576444625854492	5.544444561004639	0.0
5.59244441986084	5.544444561004639	0.0
5.608444690704346	5.544444561004639	0.0
5.624444484710693	5.544444561004639	0.0
5.640444755554199	5.544444561004639	0.0
5.656444549560547	5.544444561004639	0.0
5.6724443435668945	5.544444561004639	0.0
5.6884446144104	5.544444561004639	0.0
5.704444408416748	5.544444561004639	0.0
5.720444679260254	5.544444561004639	0.0
5.736444473266602	5.544444561004639	0.0
5.752444744110107	5.544444561004639	0.0
5.768444538116455	5.544444561004639	0.0
5.784444332122803	5.544444561004639	0.0
5.800444602966309	5.544444561004639	0.0
5.816444396972656	5.544444561004639	0.0
5.832444667816162	5.544444561004639	0.0
5.84844446182251	5.544444561004639	0.0
5.864444732666016	5.544444561004639	0.0
5.880444526672363	5.544444561004639	0.0
5.896444797515869	5.544444561004639	0.0
5.912444591522217	5.544444561004639	0.0
5.9284443855285645	5.544444561004639	0.0
5.94444465637207	5.544444561004639	0.0
5.960444450378418	5.544444561004639	0.0
5.976444721221924	5.544444561004639	0.0
5.9924445152282715	5.544444561004639	0.0
6.008444786071777	5.544444561004639	0.0
6.024444580078125	5.544444561004639	0.0
6.008444786071777	5.544444561004639	0.0
5.9924445152282715	5.544444561004639	0.0
5.976444721221924	5.544444561004639	0.0
5.960444450378418	5.544444561004639	0.0
5.94444465637207	5.544444561004639	0.0
5.9284443855285645	5.544444561004639	0.0
5.912444591522217	5.544444561004639	0.0
5.896444797515869	5.544444561004639	0.0
5.880444526672363	5.544444561004639	0.0
5.864444732666016	5.544444561004639	0.0
5.84844446182251	5.544444561004639	0.0
5.832444667816162	5.544444561004639	0.0
5.816444396972656	5.544444561004639	0.0
5.800444602966309	5.544444561004639	0.0
5.784444332122803	5.544444561004639	0.0
5.768444538116455	5.544444561004639	0.0
5.752444744110107	5.544444561004639	0.0
5.736444473266602	5.544444561004639	0.0
5.720444679260254	5.544444561004639	0.0
5.704444408416748	5.544444561004639	0.0
5.6884446144104	5.544444561004639	0.0
5.6724443435668945	5.544444561004639	0.0
5.656444549560547	5.544444561004639	0.0
5.640444755554199	5.544444561004639	0.0
5.624444484710693	5.544444561004639	0.0
5.608444690704346	5.544444561004639	0.0
5.59244441986084	5.544444561004639	0.0
5.576444625854492	5.544444561004639	0.0
5.560444355010986	5.544444561004639	0.0
5.544444561004639	5.544444561004639	0.0
5.528444766998291	5.544444561004639	0.0
5.544444561004639	5.544444561004639	0.0
5.560444355010986	5.544444561004639	0.0
5.576444625854492	5.544444561004639	0.0
5.59244441986084	5.544444561004639	0.0
5.608444690704346	5.544444561004639	0.0
5.624444484710693	5.544444561004639	0.0
5.640444755554199	5.544444561004639	0.0
5.656444549560547	5.544444561004639	0.0
5.6724443435668945	5.544444561004639	0.0
5.6884446144104	5.544444561004639	0.0
5.704444408416748	5.544444561004639	0.0
5.720444679260254	5.544444561004639	0.0
5.736444473266602	5.544444561004639	0.0
5.752444744110107	5.544444561004639	0.0
5.768444538116455	5.544444561004639	0.0
5.784444332122803	5.544444561004639	0.0
5.800444602966309	5.544444561004639	0.0
5.816444396972656	5.544444561004639	0.0
5.832444667816162	5.544444561004639	0.0
5.84844446182251	5.544444561004639	0.0
5.864444732666016	5.544444561004639	0.0
5.880444526672363	5.544444561004639	0.0
5.896444797515869	5.544444561004639	0.0
5.912444591522217	5.544444561004639	0.0
5.9284443855285645	5.544444561004639	0.0
5.94444465637207	5.544444561004639	0.0
5.960444450378418	5.544444561004639	0.0
5.976444721221924	5.544444561004639	0.0
5.9924445152282715	5.544444561004639	0.0
6.008444786071777	5.544444561004639	0.0
6.024444580078125	5.544444561004639	0.0
6.008444786071777	5.544444561004639	0.0
5.9924445152282715	5.544444561004639	0.0
5.976444721221924	5.544444561004639	0.0
5.960444450378418	5.544444561004639	0.0
5.94444465637207	5.544444561004639	0.0
5.9284443855285645	5.544444561004639	0.0
5.912444591522217	5.544444561004639	0.0
5.896444797515869	5.544444561004639	0.0
5.880444526672363	5.544444561004639	0.0
5.864444732666016	5.544444561004639	0.0
5.84844446182251	5.544444561004639	0.0
5.832444667816162	5.544444561004639	0.0
5.816444396972656	5.544444561004639	0.0
5.800444602966309	5.544444561004639	0.0
5.784444332122803	5.544444561004639	0.0
5.768444538116455	5.544444561004639	0.0
5.752444744110107	5.544444561004639	0.0
5.736444473266602	5.544444561004639	0.0
5.720444679260254	5.544444561004639	0.0
5.704444408416748	5.544444561004639	0.0
5.6884446144104	5.544444561004639	0.0
5.6724443435668945	5.544444561004639	0.0
5.656444549560547	5.544444561004639	0.0
5.640444755554199	5.544444561004639	0.0
5.624444484710693	5.544444561004639	0.0
5.608444690704346	5.544444561004639	0.0
5.59244441986084	5.544444561004639	0.0
5.576444625854492	5.544444561004639	0.0
5.560444355010986	5.544444561004639	0.0
5.544444561004639	5.544444561004639	0.0
5.528444766998291	5.544444561004639	0.0
5.512444496154785	5.544444561004639	0.0
5.528444766998291	5.544444561004639	0.0
5.544444561004639	5.544444561004639	0.0
5.560444355010986	5.544444561004639	0.0
5.576444625854492	5.544444561004639	0.0
5.59244441986084	5.544444561004639	0.0
5.608444690704346	5.544444561004639	0.0
5.624444484710693	5.544444561004639	0.0
5.640444755554199	5.544444561004639	0.0
5.656444549560547	5.544444561004639	0.0
5.6724443435668945	5.544444561004639	0.0
5.6884446144104	5.544444561004639	0.0
5.704444408416748	5.544444561004639	0.0
5.720444679260254	5.544444561004639	0.0
5.736444473266602	5.544444561004639	0.0
5.752444744110107	5.544444561004639	0.0
5.768444538116455	5.544444561004639	0.0
5.784444332122803	5.544444561004639	0.0
5.800444602966309	5.544444561004639	0.0
5.816444396972656	5.544444561004639	0.0
5.832444667816162	5.544444561004639	0.0
5.84844446182251	5.544444561004639	0.0
5.864444732666016	5.544444561004639	0.0
5.880444526672363	5.544444561004639	0.0
5.896444797515869	5.544444561004639	0.0
5.912444591522217	5.544444561004639	0.0
5.9284443855285645	5.544444561004639	0.0
5.94444465637207	5.544444561004639	0.0
5.960444450378418	5.544444561004639	0.0
5.976444721221924	5.544444561004639	0.0
5.9924445152282715	5.544444561004639	0.0
6.008444786071777	5.544444561004639	0.0
5.9924445152282715	5.544444561004639	0.0
5.976444721221924	5.544444561004639	0.0
5.960444450378418	5.544444561004639	0.0
5.94444465637207	5.544444561004639	0.0
5.9284443855285645	5.544444561004639	0.0
5.912444591522217	5.544444561004639	0.0
5.896444797515869	5.544444561004639	0.0
5.880444526672363	5.544444561004639	0.0
5.864444732666016	5.544444561004639	0.0
5.84844446182251	5.544444561004639	0.0
5.832444667816162	5.544444561004639	0.0
5.816444396972656	5.544444561004639	0.0
5.800444602966309	5.544444561004639	0.0
5.784444332122803	5.544444561004639	0.0
5.768444538116455	5.544444561004639	0.0
5.752444744110107	5.544444561004639	0.0
5.736444473266602	5.544444561004639	0.0
5.720444679260254	5.544444561004639	0.0
5.704444408416748	5.544444561004639	0.0
5.6884446144104	5.544444561004639	0.0
5.6724443435668945	5.544444561004639	0.0
5.656444549560547	5.544444561004639	0.0
5.640444755554199	5.544444561004639	0.0
5.624444484710693	5.544444561004639	0.0
5.608444690704346	5.544444561004639	0.0
5.59244441986084	5.544444561004639	0.0
5.576444625854492	5.544444561004639	0.0
5.560444355010986	5.544444561004639	0.0
5.544444561004639	5.544444561004639	0.0
5.528444766998291	5.544444561004639	0.0
5.512444496154785	5.544444561004639	0.0
5.528444766998291	5.544444561004639	0.0
5.544444561004639	5.544444561004639	0.0
5.560444355010986	5.544444561004639	0.0
5.576444625854492	5.544444561004639	0.0
5.59244441986084	5.544444561004639	0.0
5.608444690704346	5.544444561004639	0.0
5.624444484710693	5.544444561004639	0.0
5.640444755554199	5.544444561004639	0.0
5.656444549560547	5.544444561004639	0.0
5.6724443435668945	5.544444561004639	0.0
5.6884446144104	5.544444561004639	0.0
5.704444408416748	5.544444561004639	0.0
5.720444679260254	5.544444561004639	0.0
5.736444473266602	5.544444561004639	0.0
5.752444744110107	5.544444561004639	0.0
5.768444538116455	5.544444561004639	0.0
5.784444332122803	5.544444561004639	0.0
5.800444602966309	5.544444561004639	0.0
5.816444396972656	5.544444561004639	0.0
5.832444667816162	5.544444561004639	0.0
5.84844446182251	5.544444561004639	0.0
5.864444732666016	5.544444561004639	0.0
5.880444526672363	5.544444561004639	0.0
5.896444797515869	5.544444561004639	0.0
5.912444591522217	5.544444561004639	0.0
5.9284443855285645	5.544444561004639	0.0
5.94444465637207	5.544444561004639	0.0
5.960444450378418	5.544444561004639	0.0
5.976444721221924	5.544444561004639	0.0
5.9924445152282715	5.544444561004639	0.0
6.008444786071777	5.544444561004639	0.0
5.9924445152282715	5.544444561004639	0.0
5.976444721221924	5.544444561004639	0.0
5.960444450378418	5.544444561004639	0.0
5.94444465637207	5.544444561004639	0.0
5.9284443855285645	5.544444561004639	0.0
5.912444591522217	5.544444561004639	0.0
5.896444797515869	5.544444561004639	0.0
5.880444526672363	5.544444561004639	0.0
5.864444732666016	5.544444561004639	0.0
5.84844446182251	5.544444561004639	0.0
5.832444667816162	5.544444561004639	0.0
5.816444396972656	5.544444561004639	0.0
5.800444602966309	5.544444561004639	0.0
5.784444332122803	5.544444561004639	0.0
5.768444538116455	5.544444561004639	0.0
5.752444744110107	5.544444561004639	0.0
5.736444473266602	5.544444561004639	0.0
5.720444679260254	5.544444561004639	0.0
5.704444408416748	5.544444561004639	0.0
5.6884446144104	5.544444561004639	0.0
5.6724443435668945	5.544444561004639	0.0
5.656444549560547	5.544444561004639	0.0
5.640444755554199	5.544444561004639	0.0
5.624444484710693	5.544444561004639	0.0
5.608444690704346	5.544444561004639	0.0
5.59244441986084	5.544444561004639	0.0
5.576444625854492	5.544444561004639	0.0
5.560444355010986	5.544444561004639	0.0
5.544444561004639	5.544444561004639	0.0
5.528444766998291	5.544444561004639	0.0
5.512444496154785	5.544444561004639	0.0
5.4964447021484375	5.544444561004639	0.0
5.512444496154785	5.544444561004639	0.0
5.528444766998291	5.544444561004639	0.0
5.544444561004639	5.544444561004639	0.0
5.560444355010986	5.544444561004639	0.0
5.576444625854492	5.544444561004639	0.0
5.59244441986084	5.544444561004639	0.0
5.608444690704346	5.544444561004639	0.0
5.624444484710693	5.544444561004639	0.0
5.640444755554199	5.544444561004639	0.0
5.656444549560547	5.544444561004639	0.0
5.6724443435668945	5.544444561004639	0.0
5.6884446144104	5.544444561004639	0.0
5.704444408416748	5.544444561004639	0.0
5.720444679260254	5.544444561004639	0.0
5.736444473266602	5.544444561004639	0.0
5.752444744110107	5.544444561004639	0.0
5.768444538116455	5.544444561004639	0.0
5.784444332122803	5.544444561004639	0.0
5.800444602966309	5.544444561004639	0.0
5.816444396972656	5.544444561004639	0.0
5.832444667816162	5.544444561004639	0.0
5.84844446182251	5.544444561004639	0.0
5.864444732666016	5.544444561004639	0.0
5.880444526672363	5.544444561004639	0.0
5.896444797515869	5.544444561004639	0.0
5.912444591522217	5.544444561004639	0.0
5.9284443855285645	5.544444561004639	0.0
5.94444465637207	5.544444561004639	0.0
5.960444450378418	5.544444561004639	0.0
5.976444721221924	5.544444561004639	0.0
5.9924445152282715	5.544444561004639	0.0
5.976444721221924	5.544444561004639	0.0
5.960444450378418	5.544444561004639	0.0
5.94444465637207	5.544444561004639	0.0
5.9284443855285645	5.544444561004639	0.0
5.912444591522217	5.544444561004639	0.0
5.896444797515869	5.544444561004639	0.0
5.880444526672363	5.544444561004639	0.0
5.864444732666016	5.544444561004639	0.0
5.84844446182251	5.544444561004639	0.0
5.832444667816162	5.544444561004639	0.0
5.816444396972656	5.544444561004639	0.0
5.800444602966309	5.544444561004639	0.0
5.784444332122803	5.544444561004639	0.0
5.768444538116455	5.544444561004639	0.0
5.752444744110107	5.544444561004639	0.0
5.736444473266602	5.544444561004639	0.0
5.720444679260254	5.544444561004639	0.0
5.704444408416748	5.544444561004639	0.0
5.6884446144104	5.544444561004639	0.0
5.6724443435668945	5.544444561004639	0.0
5.656444549560547	5.544444561004639	0.0
5.640444755554199	5.544444561004639	0.0
5.624444484710693	5.544444561004639	0.0
5.608444690704346	5.544444561004639	0.0
5.59244441986084	5.544444561004639	0.0
5.576444625854492	5.544444561004639	0.0
5.560444355010986	5.544444561004639	0.0
5.544444561004639	5.544444561004639	0.0
5.528444766998291	5.544444561004639	0.0
5.512444496154785	5.544444561004639	0.0
5.4964447021484375	5.544444561004639	0.0
5.512444496154785	5.544444561004639	0.0
5.528444766998291	5.544444561004639	0.0
5.544444561004639	5.544444561004639	0.0
5.560444355010986	5.544444561004639	0.0
5.576444625854492	5.544444561004639	0.0
5.59244441986084	5.544444561004639	0.0
5.608444690704346	5.544444561004639	0.0
5.624444484710693	5.544444561004639	0.0
5.640444755554199	5.544444561004639	0.0
5.656444549560547	5.544444561004639	0.0
5.6724443435668945	5.544444561004639	0.0
5.6884446144104	5.544444561004639	0.0
5.704444408416748	5.544444561004639	0.0
5.720444679260254	5.544444561004639	0.0
5.736444473266602	5.544444561004639	0.0
5.752444744110107	5.544444561004639	0.0
5.768444538116455	5.544444561004639	0.0
5.784444332122803	5.544444561004639	0.0
5.800444602966309	5.544444561004639	0.0
5.816444396972656	5.544444561004639	0.0
5.832444667816162	5.544444561004639	0.0
5.84844446182251	5.544444561004639	0.0
5.864444732666016	5.544444561004639	0.0
5.880444526672363	5.544444561004639	0.0
5.896444797515869	5.544444561004639	0.0
5.912444591522217	5.544444561004639	0.0
5.9284443855285645	5.544444561004639	0.0
5.94444465637207	5.544444561004639	0.0
5.960444450378418	5.544444561004639	0.0
5.976444721221924	5.544444561004639	0.0
5.9924445152282715	5.544444561004639	0.0
5.976444721221924	5.544444561004639	0.0
5.960444450378418	5.544444561004639	0.0
5.94444465637207	5.544444561004639	0.0
5.9284443855285645	5.544444561004639	0.0
5.912444591522217	5.544444561004639	0.0
5.896444797515869	5.544444561004639	0.0
5.880444526672363	5.544444561004639	0.0
5.864444732666016	5.544444561004639	0.0
5.84844446182251	5.544444561004639	0.0
5.832444667816162	5.544444561004639	0.0
5.816444396972656	5.544444561004639	0.0
5.800444602966309	5.544444561004639	0.0
5.784444332122803	5.544444561004639	0.0
5.768444538116455	5.544444561004639	0.0
5.752444744110107	5.544444561004639	0.0
5.736444473266602	5.544444561004639	0.0
5.720444679260254	5.544444561004639	0.0
5.704444408416748	5.544444561004639	0.0
5.6884446144104	5.544444561004639	0.0
5.6724443435668945	5.544444561004639	0.0
5.656444549560547	5.544444561004639	0.0
5.640444755554199	5.544444561004639	0.0
5.624444484710693	5.544444561004639	0.0
5.608444690704346	5.544444561004639	0.0
5.59244441986084	5.544444561004639	0.0
5.576444625854492	5.544444561004639	0.0
5.560444355010986	5.544444561004639	0.0
5.544444561004639	5.544444561004639	0.0
5.528444766998291	5.544444561004639	0.0
5.512444496154785	5.544444561004639	0.0
5.4964447021484375	5.544444561004639	0.0
5.512444496154785	5.544444561004639	0.0
5.528444766998291	5.544444561004639	0.0
5.544444561004639	5.544444561004639	0.0
5.560444355010986	5.544444561004639	0.0
5.576444625854492	5.544444561004639	0.0
5.59244441986084	5.544444561004639	0.0
5.608444690704346	5.544444561004639	0.0
5.624444484710693	5.544444561004639	0.0
5.640444755554199	5.544444561004639	0.0
5.656444549560547	5.544444561004639	0.0
5.6724443435668945	5.544444561004639	0.0
5.6884446144104	5.544444561004639	0.0
5.704444408416748	5.544444561004639	0.0
5.720444679260254	5.544444561004639	0.0
5.736444473266602	5.544444561004639	0.0
5.752444744110107	5.544444561004639	0.0
5.768444538116455	5.544444561004639	0.0
5.784444332122803	5.544444561004639	0.0
5.800444602966309	5.544444561004639	0.0
5.816444396972656	5.544444561004639	0.0
5.832444667816162	5.544444561004639	0.0
5.84844446182251	5.544444561004639	0.0
5.864444732666016	5.544444561004639	0.0
5.880444526672363	5.544444561004639	0.0
5.896444797515869	5.544444561004639	0.0
5.912444591522217	5.544444561004639	0.0
5.9284443855285645	5.544444561004639	0.0
5.94444465637207	5.544444561004639	0.0
5.960444450378418	5.544444561004639	0.0
5.976444721221924	5.544444561004639	0.0
5.9924445152282715	5.544444561004639	0.0
6.008444786071777	5.544444561004639	0.0
5.9924445152282715	5.544444561004639	0.0
5.976444721221924	5.544444561004639	0.0
5.960444450378418	5.544444561004639	0.0
5.94444465637207	5.544444561004639	0.0
5.9284443855285645	5.544444561004639	0.0
5.912444591522217	5.544444561004639	0.0
5.896444797515869	5.544444561004639	0.0
5.880444526672363	5.544444561004639	0.0
5.864444732666016	5.544444561004639	0.0
5.84844446182251	5.544444561004639	0.0
5.832444667816162	5.544444561004639	0.0
5.816444396972656	5.544444561004639	0.0
5.800444602966309	5.544444561004639	0.0
5.784444332122803	5.544444561004639	0.0
5.768444538116455	5.544444561004639	0.0
5.752444744110107	5.544444561004639	0.0
5.736444473266602	5.544444561004639	0.0
5.720444679260254	5.544444561004639	0.0
5.704444408416748	5.544444561004639	0.0
5.6884446144104	5.544444561004639	0.0
5.6724443435668945	5.544444561004639	0.0
5.656444549560547	5.544444561004639	0.0
5.640444755554199	5.544444561004639	0.0
5.624444484710693	5.544444561004639	0.0
5.608444690704346	5.544444561004639	0.0
5.59244441986084	5.544444561004639	0.0
5.576444625854492	5.544444561004639	0.0
5.560444355010986	5.544444561004639	0.0
5.544444561004639	5.544444561004639	0.0
5.528444766998291	5.544444561004639	0.0
5.512444496154785	5.544444561004639	0.0
5.528444766998291	5.544444561004639	0.0
5.544444561004639	5.544444561004639	0.0
5.560444355010986	5.544444561004639	0.0
5.576444625854492	5.544444561004639	0.0
5.59244441986084	5.544444561004639	0.0
5.608444690704346	5.544444561004639	0.0
5.624444484710693	5.544444561004639	0.0
5.640444755554199	5.544444561004639	0.0
5.656444549560547	5.544444561004639	0.0
5.6724443435668945	5.544444561004639	0.0
5.6884446144104	5.544444561004639	0.0
5.704444408416748	5.544444561004639	0.0
5.720444679260254	5.544444561004639	0.0
5.736444473266602	5.544444561004639	0.0
5.752444744110107	5.544444561004639	0.0
5.768444538116455	5.544444561004639	0.0
5.784444332122803	5.544444561004639	0.0
5.800444602966309	5.544444561004639	0.0
5.816444396972656	5.544444561004639	0.0
5.832444667816162	5.544444561004639	0.0
5.84844446182251	5.544444561004639	0.0
5.864444732666016	5.544444561004639	0.0
5.880444526672363	5.544444561004639	0.0
5.896444797515869	5.544444561004639	0.0
5.912444591522217	5.544444561004639	0.0
5.9284443855285645	5.544444561004639	0.0
5.94444465637207	5.544444561004639	0.0
5.960444450378418	5.544444561004639	0.0
5.976444721221924	5.544444561004639	0.0
5.9924445152282715	5.544444561004639	0.0
6.008444786071777	5.544444561004639	0.0
5.9924445152282715	5.544444561004639	0.0
5.976444721221924	5.544444561004639	0.0
5.960444450378418	5.544444561004639	0.0
5.94444465637207	5.544444561004639	0.0
5.9284443855285645	5.544444561004639	0.0
5.912444591522217	5.544444561004639	0.0
5.896444797515869	5.544444561004639	0.0
5.880444526672363	5.544444561004639	0.0
5.864444732666016	5.544444561004639	0.0
5.84844446182251	5.544444561004639	0.0
5.832444667816162	5.544444561004639	0.0
5.816444396972656	5.544444561004639	0.0
5.800444602966309	5.544444561004639	0.0
5.784444332122803	5.544444561004639	0.0
5.768444538116455	5.544444561004639	0.0
5.752444744110107	5.544444561004639	0.0
5.736444473266602	5.544444561004639	0.0
5.720444679260254	5.544444561004639	0.0
5.704444408416748	5.544444561004639	0.0
5.6884446144104	5.544444561004639	0.0
5.6724443435668945	5.544444561004639	0.0
5.656444549560547	5.544444561004639	0.0
5.640444755554199	5.544444561004639	0.0
5.624444484710693	5.544444561004639	0.0
5.608444690704346	5.544444561004639	0.0
5.59244441986084	5.544444561004639	0.0
5.576444625854492	5.544444561004639	0.0
5.560444355010986	5.544444561004639	0.0
5.544444561004639	5.544444561004639	0.0
5.528444766998291	5.544444561004639	0.0
5.512444496154785	5.544444561004639	0.0
5.528444766998291	5.544444561004639	0.0
5.544444561004639	5.544444561004639	0.0
5.560444355010986	5.544444561004639	0.0
5.576444625854492	5.544444561004639	0.0
5.59244441986084	5.544444561004639	0.0
5.608444690704346	5.544444561004639	0.0
5.624444484710693	5.544444561004639	0.0
5.640444755554199	5.544444561004639	0.0
5.656444549560547	5.544444561004639	0.0
5.6724443435668945	5.544444561004639	0.0
5.6884446144104	5.544444561004639	0.0
5.704444408416748	5.544444561004639	0.0
5.720444679260254	5.544444561004639	0.0
5.736444473266602	5.544444561004639	0.0
5.752444744110107	5.544444561004639	0.0
5.768444538116455	5.544444561004639	0.0
5.784444332122803	5.544444561004639	0.0
5.800444602966309	5.544444561004639	0.0
5.816444396972656	5.544444561004639	0.0
5.832444667816162	5.544444561004639	0.0
5.84844446182251	5.544444561004639	0.0
5.864444732666016	5.544444561004639	0.0
5.880444526672363	5.544444561004639	0.0
5.896444797515869	5.544444561004639	0.0
5.912444591522217	5.544444561004639	0.0
5.9284443855285645	5.544444561004639	0.0
5.94444465637207	5.544444561004639	0.0
5.960444450378418	5.544444561004639	0.0
5.976444721221924	5.544444561004639	0.0
5.9924445152282715	5.544444561004639	0.0
6.008444786071777	5.544444561004639	0.0
6.024444580078125	5.544444561004639	0.0
6.008444786071777	5.544444561004639	0.0
5.9924445152282715	5.544444561004639	0.0
5.976444721221924	5.544444561004639	0.0
5.960444450378418	5.544444561004639	0.0
5.94444465637207	5.544444561004639	0.0
5.9284443855285645	5.544444561004639	0.0
5.912444591522217	5.544444561004639	0.0
5.896444797515869	5.544444561004639	0.0
5.880444526672363	5.544444561004639	0.0
5.864444732666016	5.544444561004639	0.0
5.84844446182251	5.544444561004639	0.0
5.832444667816162	5.544444561004639	0.0
5.816444396972656	5.544444561004639	0.0
5.800444602966309	5.544444561004639	0.0
5.784444332122803	5.544444561004639	0.0
5.768444538116455	5.544444561004639	0.0
5.752444744110107	5.544444561004639	0.0
5.736444473266602	5.544444561004639	0.0
5.720444679260254	5.544444561004639	0.0
5.704444408416748	5.544444561004639	0.0
5.6884446144104	5.544444561004639	0.0
5.6724443435668945	5.544444561004639	0.0
5.656444549560547	5.544444561004639	0.0
5.640444755554199	5.544444561004639	0.0
5.624444484710693	5.544444561004639	0.0
5.608444690704346	5.544444561004639	0.0
5.59244441986084	5.544444561004639	0.0
5.576444625854492	5.544444561004639	0.0
